1 976
3 116
1 988
5 517
9 735
10 559
2 484
1 896
6 110
2 153
4 581
3 749
1 102
3 540
2 422
3 68
2 269
5 875
7 285
6 496
10 328
7 995
3 843
1 495
4 796
5 893
5 891
7 50
4 218
9 278
1 397
2 634
6 288
6 789
1 968
4 468
3 71
8 173
8 430
7 17
1 89
9 669
8 671
2 668
2 348
4 25
9 990
7 933
4 630
10 364
5 637
2 898
3 700
7 356
4 250
8 23
8 11
5 400
4 262
9 189
6 798
9 1
4 941
7 548
7 723
10 50
2 401
9 783
4 269
9 217
7 625
10 238
9 470
7 225
8 532
3 451
4 906
5 699
7 268
2 373
7 42
8 426
1 436
1 372
6 482
8 540
4 696
10 196
3 780
1 297
5 202
7 124
6 610
4 642
9 332
9 957
9 934
3 739
3 589
1 744
6 861
6 920
1 158
10 291
2 250
6 147
7 472
5 736
6 146
8 940
2 488
1 76
5 435
2 251
1 648
10 456
9 567
1 427
6 374
9 411
8 594
3 186
7 795
2 633
6 706
1 968
8 777
9 432
9 875
9 775
3 690
1 945
5 552
4 777
6 342
3 697
10 609
3 572
1 102
9 160
8 664
10 197
9 883
3 627
4 419
4 586
9 16
3 641
2 994
7 822
1 604
10 446
2 25
5 894
2 898
10 623
3 15
3 695
5 397
2 613
2 580
4 469
5 279
8 800
4 365
10 161
7 966
8 950
7 751
2 36
3 561
4 473
10 396
8 756
8 557
10 868
10 373
1 410
1 200
9 359
4 819
2 614
4 556
3 23
5 770
8 988
4 573
2 110
3 464
2 287
10 246
9 296
2 760
7 519
5 5
10 208
3 10
6 611
1 93
9 64
10 629
10 637
3 723
2 762
9 409
10 278
9 99
3 68
7 264
3 251
5 655
2 237
6 946
3 504
2 386
10 161
3 828
1 482
2 856
10 372
3 554
4 518
3 798
2 344
5 585
10 942
2 905
7 464
3 1
1 378
1 652
7 445
6 473
7 410
4 465
3 610
8 461
8 441
10 514
8 767
3 706
2 383
4 313
10 864
10 307
8 678
2 235
6 663
5 218
8 645
2 288
7 792
9 345
4 816
10 413
3 30
3 719
6 118
10 354
3 548
5 41
9 491
10 718
4 324
2 311
2 605
4 111
6 371
8 415
10 846
5 65
6 200
5 882
2 399
4 384
2 926
9 378
7 113
9 603
10 673
2 872
3 12
4 238
7 911
3 345
8 327
8 789
6 811
9 189
1 448
10 216
7 952
3 920
8 558
7 939
8 672
1 646
4 302
6 162
3 863
9 169
2 492
1 561
5 890
3 905
5 261
3 527
4 826
6 629
1 673
6 658
1 775
5 616
8 358
1 983
3 380
7 797
3 675
4 101
6 790
7 880
9 783
9 438
9 895
8 290
3 546
1 887
4 571
9 498
1 24
2 835
8 911
8 298
1 431
9 237
7 157
8 147
5 346
4 634
10 995
2 330
6 187
5 535
7 947
8 959
2 560
8 15
7 337
10 448
9 925
2 305
8 868
4 727
6 30
6 232
10 534
3 1000
5 209
7 845
7 229
10 504
10 817
4 679
6 872
4 299
4 775
9 37
5 46
3 869
9 204
10 395
9 757
1 588
6 477
9 471
3 173
1 416
5 651
10 11
3 302
9 153
1 304
2 307
1 234
6 276
9 196
2 278
5 899
4 995
8 548
3 421
9 143
5 652
6 84
6 908
6 546
4 32
5 931
2 33
3 489
1 69
7 266
6 100
5 804
6 941
3 76
7 648
5 450
2 30
6 917
8 216
9 299
4 957
7 611
6 72
1 478
10 858
10 253
2 445
6 129
10 618
2 193
3 688
6 203
1 569
8 830
4 688
2 774
1 986
7 571
6 523
1 551
2 175
5 422
5 140
1 518
5 256
8 518
8 648
10 797
4 567
4 323
2 149
4 389
9 269
4 631
1 312
6 311
1 669
7 548
7 42
9 468
9 118
5 281
10 860
1 343
4 959
4 174
7 861
9 396
7 570
4 99
3 488
9 677
3 962
10 576
6 240
4 576
1 24
7 13
3 396
5 665
5 44
2 372
2 138
2 811
9 464
5 278
9 520
8 116
2 839
6 826
9 404
9 10
8 595
6 741
6 866
3 136
6 718
2 705
3 263
4 995
1 202
7 661
1 172
6 327
9 188
4 711
5 550
1 906
6 357
3 365
3 285
5 908
2 386
9 372
4 546
1 635
1 58
1 510
7 849
6 772
4 277
3 205
1 612
3 553
7 158
8 231
2 751
3 438
10 991
1 734
1 908
7 22
2 63
2 790
6 41
6 620
4 298
4 578
2 465
7 608
7 929
2 918
8 669
9 357
8 355
1 486
6 677
7 730
2 838
10 161
6 808
4 154
10 940
5 821
4 675
2 465
10 569
1 98
8 333
8 18
8 447
7 168
9 442
7 272
4 199
8 317
8 259
6 31
10 632
9 971
3 598
4 81
5 657
2 689
1 253
3 510
2 37
1 385
2 704
2 302
3 595
4 356
7 18
2 750
4 794
4 721
9 456
1 907
5 359
7 573
6 4
7 344
10 620
7 429
1 57
9 990
8 391
2 183
3 509
5 584
9 735
3 721
8 388
6 829
9 740
3 370
10 261
9 707
6 94
5 347
6 295
3 776
4 787
5 869
7 160
3 573
10 212
8 853
4 509
8 57
8 926
8 608
6 104
7 163
8 262
9 532
8 14
5 936
9 635
6 369
1 908
5 931
8 706
8 329
1 318
5 309
3 422
4 206
7 802
6 30
10 111
1 371
1 940
10 459
10 613
3 248
10 589
1 19
7 200
8 733
10 120
8 51
8 608
6 941
4 42
2 794
7 804
2 335
8 704
10 178
9 831
6 579
3 110
7 248
4 158
3 891
7 245
9 182
10 219
10 213
3 252
3 93
9 874
5 964
7 185
3 689
1 564
9 125
8 279
4 913
2 505
1 768
4 781
6 520
3 429
4 687
2 478
4 214
5 389
4 827
3 142
5 734
2 392
6 487
9 177
8 70
10 119
5 874
2 619
7 77
1 824
6 504
8 182
7 727
6 884
8 465
8 998
3 537
9 311
6 961
4 727
2 346
8 42
8 601
7 968
5 643
7 446
6 909
9 704
8 746
10 254
9 139
8 59
7 24
10 964
7 30
5 890
3 382
9 908
2 899
8 247
7 849
3 758
6 540
6 927
5 378
3 438
5 920
1 883
9 872
2 38
7 8
9 789
10 217
5 644
2 559
6 80
3 223
5 15
6 740
3 173
8 522
7 829
4 291
1 924
7 642
3 978
4 310
8 239
10 956
7 968
1 424
7 121
9 130
9 998
7 477
8 851
4 487
4 39
2 880
4 989
10 983
8 325
7 240
4 461
9 514
8 944
2 281
1 197
3 510
1 143
6 973
8 220
4 17
2 391
2 887
4 563
8 332
4 763
1 631
7 817
8 658
8 981
6 805
8 423
4 186
4 755
7 621
3 667
9 662
6 562
8 743
4 558
4 965
9 896
7 820
2 837
5 80
1 753
7 192
4 218
10 995
5 613
6 50
3 576
10 564
6 432
5 704
9 835
2 752
9 13
2 40
4 728
4 572
2 272
6 817
4 927
9 107
6 427
5 992
8 506
5 906
3 162
10 291
6 258
1 411
7 933
1 370
5 658
5 487
1 155
2 226
4 605
3 594
7 773
5 510
7 197
5 828
3 273
9 597
6 925
3 550
4 960
10 446
8 689
3 713
3 48
4 337
3 671
9 901
8 51
2 46
6 23
1 298
6 131
4 562
5 946
10 358
8 102
2 555
1 242
5 358
6 534
8 499
3 986
2 452
5 188
1 448
6 96
1 559
8 574
3 608
8 863
10 384
9 124
5 331
7 394
4 852
10 88
7 986
3 899
6 930
3 951
10 803
3 869
3 820
9 634
3 345
5 140
2 245
3 915
2 276
2 92
4 364
7 16
2 358
4 953
3 826
10 219
8 347
2 214
8 685
8 323
8 707
1 877
9 243
4 563
5 977
1 928
3 563
7 858
5 988
7 864
1 240
2 26
5 299
9 841
9 102
5 501
1 310
10 662
3 695
1 51
5 498
4 841
10 770
3 858
1 51
3 340
4 553
1 308
6 649
10 327
2 996
10 282
8 276
9 308
10 444
8 39
6 130
5 990
4 10
3 415
9 694
5 915
1 213
9 395
7 159
8 953
6 45
5 797
6 330
2 850
5 449
8 861
3 850
3 342
4 445
3 964
8 350
2 819
4 293
9 125
7 122
6 816
3 166
3 622
10 146
3 302
10 657
2 908
7 383
8 995
3 189
7 212
6 939
3 228
7 941
7 734
10 942
3 984
3 265
2 889
3 693
7 616
9 939
9 538
2 942
10 380
7 589
1 455
10 715
5 475
3 59
8 404
4 493
10 776
5 518
1 203
4 10
7 675
6 835
8 406
8 333
2 798
3 546
4 941
4 178
8 61
8 35
4 907
3 394
1 102
1 469
2 351
5 334
5 23
5 632
4 192
5 601
1 417
8 116
7 192
2 86
10 560
1 18
3 393
1 506
7 752
4 668
5 219
2 994
5 263
1 320
9 889
2 965
10 717
5 982
10 233
7 58
1 968
3 260
9 317
4 160
1 691
1 553
3 254
7 336
10 330
3 194
10 221
5 369
6 916
7 858
2 311
8 588
6 339
5 300
7 658
10 743
3 169
3 271
10 382
8 519
3 522
8 267
2 515
8 130
9 830
8 669
10 315
10 473
6 346
5 722
5 417
5 142
10 492
3 114
4 846
6 583
5 451
8 842
3 18
3 476
2 328
8 418
2 587
10 171
3 992
5 19
2 956
7 344
4 838
3 789
1 210
8 959
10 295
10 56
10 394
5 409
4 755
3 869
1 855
7 757
8 247
4 640
8 747
6 859
6 338
9 745
3 845
3 486
10 578
8 334
4 753
5 800
5 452
4 82
6 321
1 50
1 426
7 478
3 637
10 888
2 706
9 841
8 279
8 826
10 184
8 760
1 801
8 392
10 158
9 559
7 488
7 780
10 475
6 1000
4 797
3 462
3 490
10 640
9 209
10 242
9 873
5 765
1 666
10 240
8 569
10 286
5 120
5 493
10 201
1 342
1 567
2 696
5 792
1 818
8 54
5 673
10 679
5 924
8 341
2 470
3 602
5 156
1 234
10 808
5 875
7 992
4 376
9 166
9 465
10 17
10 531
4 462
3 476
9 542
4 290
8 160
8 619
8 840
1 710
8 916
4 699
3 88
5 772
8 223
3 80
7 805
1 416
1 268
1 971
5 333
10 932
5 360
7 106
6 281
2 745
4 946
8 242
4 365
10 195
5 486
10 384
9 539
7 757
10 280
6 131
9 116
4 513
10 649
7 873
7 118
6 55
6 350
10 620
6 807
5 964
5 896
1 987
5 480
7 629
7 660
7 883
8 526
6 81
5 411
3 349
10 450
3 198
2 783
4 237
8 599
7 102
5 91
2 458
3 581
8 337
3 123
3 815
6 785
3 896
6 909
6 893
4 903
4 3
7 305
6 857
9 202
2 417
7 780
5 647
6 394
4 540
3 804
5 198
1 863
5 161
10 617
5 979
6 193
9 193
6 484
10 498
9 729
2 191
1 824
10 785
10 536
4 657
6 214
3 699
10 525
4 361
5 806
4 726
10 939
3 720
6 796
2 77
2 442
9 346
9 895
3 499
4 18
7 147
7 955
2 946
6 17
10 724
8 234
5 91
3 271
4 701
7 811
7 968
4 691
4 121
8 549
1 170
2 168
6 303
5 58
7 112
9 386
1 693
3 269
6 503
8 609
9 169
1 899
5 507
8 597
2 205
7 392
4 219
10 65
3 198
5 76
7 545
5 466
2 710
2 534
4 603
7 742
7 925
9 808
7 530
3 603
2 71
7 122
6 471
1 996
7 675
7 280
3 114
3 653
1 769
3 3
5 79
4 81
8 588
4 980
5 842
6 443
5 687
10 22
1 622
9 844
8 828
3 307
7 380
6 155
8 853
9 389
8 857
9 987
8 147
8 70
6 457
9 656
6 250
1 440
2 117
9 107
10 587
2 23
10 142
6 737
8 85
4 95
2 758
3 756
6 473
3 12
8 273
10 910
8 194
3 87
5 741
8 538
1 921
4 34
5 332
8 160
8 47
7 404
8 316
6 530
3 274
7 467
4 485
2 648
1 286
6 361
2 781
4 162
2 752
4 538
4 300
5 919
5 598
7 333
3 525
2 242
5 115
6 561
7 227
9 365
4 699
10 909
6 338
6 243
2 836
2 237
6 909
5 829
7 90
5 115
7 643
4 793
1 345
7 13
8 631
10 621
8 572
10 443
4 636
1 34
6 35
7 964
6 345
4 871
7 206
8 377
8 751
1 233
4 920
5 323
4 866
10 315
9 847
10 570
10 887
1 699
2 278
5 290
5 550
7 483
5 357
6 288
1 523
2 801
7 533
5 366
2 840
6 360
1 264
5 977
1 169
2 956
5 250
3 391
8 698
8 502
1 57
4 367
1 438
2 251
3 8
1 520
9 828
4 476
3 337
4 570
7 374
3 695
8 54
6 647
2 685
9 376
1 666
5 609
10 990
6 305
1 362
2 878
5 536
1 703
3 416
5 129
3 804
10 838
3 772
2 915
4 588
6 145
4 211
4 792
3 854
3 239
5 936
1 278
7 177
10 489
7 951
1 641
3 43
10 983
5 86
4 486
9 631
6 108
9 772
9 843
1 456
10 782
6 846
7 311
2 460
3 967
5 629
9 843
8 910
3 112
5 535
5 199
9 849
1 767
6 913
5 920
3 467
2 844
4 565
2 557
10 736
6 299
7 869
1 253
1 103
10 658
5 709
9 498
2 533
4 471
10 885
10 331
2 917
5 968
4 283
5 820
2 181
3 184
10 549
10 164
9 296
4 331
10 682
1 55
3 587
5 783
7 208
10 965
1 976
5 970
5 437
1 660
1 813
3 590
6 821
6 706
6 150
9 978
6 522
7 896
7 683
1 718
6 361
8 841
4 30
5 406
6 511
5 651
3 183
3 142
6 579
7 507
3 106
10 749
2 630
9 333
6 412
9 229
6 912
9 988
7 170
3 951
9 420
1 872
7 338
2 719
10 974
3 346
4 607
1 266
7 304
6 886
9 658
10 924
2 867
8 595
5 948
10 569
3 315
6 764
6 664
5 828
4 273
4 721
4 697
1 632
2 87
7 601
4 751
9 159
1 710
7 220
5 785
1 41
9 425
7 301
2 849
2 728
2 727
5 234
6 172
3 606
7 388
7 861
5 695
1 217
10 484
6 748
4 135
10 874
7 182
6 161
7 437
10 767
9 449
3 438
6 16
7 175
3 198
8 248
3 303
5 722
6 143
3 72
3 278
6 628
8 246
7 429
4 504
10 532
3 959
2 319
8 159
10 210
7 796
3 206
4 566
1 423
6 430
9 900
5 246
1 353
9 522
10 908
10 541
10 239
1 561
9 832
1 141
6 630
1 561
5 42
6 68
8 594
7 149
3 581
1 121
2 692
8 657
6 657
8 486
6 926
8 41
10 183
10 84
9 518
1 425
5 727
1 166
2 20
7 147
4 145
2 593
7 765
6 883
3 568
7 753
2 681
4 279
9 610
7 523
4 205
1 490
10 789
1 29
1 216
10 249
9 1000
9 117
10 972
10 307
7 586
10 668
9 179
6 849
5 410
5 522
4 176
10 25
3 21
7 433
8 117
5 757
1 730
3 842
4 114
7 778
7 854
3 285
2 329
6 5
8 44
8 215
5 367
3 240
7 862
4 310
6 819
3 12
10 76
4 873
5 824
2 989
7 697
8 328
6 821
8 416
5 655
2 401
2 340
5 656
6 391
10 746
4 543
3 934
9 260
6 598
3 180
2 725
5 49
2 538
3 578
4 988
1 256
10 841
6 5
10 844
1 452
10 384
2 624
7 995
5 795
5 776
5 808
6 98
7 424
8 628
5 682
7 698
5 987
10 8
2 901
1 378
10 55
4 3
5 664
1 589
10 845
7 724
2 632
9 823
3 849
1 175
4 513
2 190
6 598
3 298
10 857
9 474
4 772
3 486
4 323
2 890
5 126
5 677
3 589
6 29
1 877
2 37
10 569
9 797
7 855
3 51
1 79
1 338
9 182
6 177
7 706
10 81
9 396
4 153
7 740
5 388
1 472
8 584
10 801
1 296
2 505
4 430
8 131
6 567
7 641
2 506
9 558
8 641
9 965
3 610
1 741
10 36
4 495
3 791
7 620
3 881
5 264
7 319
6 662
3 778
6 788
8 676
9 421
3 251
7 969
10 426
6 554
1 597
1 522
7 978
8 931
5 481
6 668
7 907
5 508
8 742
10 603
2 791
2 669
3 956
5 181
5 422
1 7
10 912
7 927
4 103
9 245
9 721
4 225
8 3
6 802
4 459
7 590
1 14
2 90
8 853
9 793
9 419
4 180
4 211
1 824
7 653
5 220
7 527
10 880
4 132
6 597
7 112
5 6
2 630
6 502
8 315
8 873
1 740
2 622
1 748
5 860
7 675
9 793
1 459
5 669
2 951
3 427
10 133
4 337
8 216
1 203
1 55
4 517
10 641
6 776
4 812
5 295
10 843
10 407
7 974
8 684
8 394
7 547
3 776
9 858
1 23
7 74
3 262
3 25
2 426
3 782
4 86
4 546
2 510
9 609
3 986
1 378
6 856
10 473
6 28
1 978
3 611
8 626
5 345
9 929
8 454
6 29
3 345
9 960
4 627
4 447
5 561
1 717
2 22
9 750
3 173
5 139
2 13
10 535
4 752
5 784
10 482
2 301
5 865
7 447
4 885
1 364
8 682
10 930
2 398
10 692
6 735
8 35
9 450
1 351
7 596
4 840
10 155
6 984
5 615
8 743
1 920
9 832
7 761
7 738
10 514
4 93
3 28
1 462
1 366
3 421
1 713
4 206
8 380
1 562
4 100
4 310
2 80
9 984
3 739
6 678
4 788
5 370
8 24
10 775
3 938
2 733
10 132
4 952
1 658
4 63
10 532
9 427
5 973
5 758
5 150
6 502
4 111
1 995
6 582
4 272
10 199
9 756
10 728
6 338
7 506
10 562
6 948
7 205
9 852
3 814
10 135
6 662
1 849
6 219
4 496
1 162
4 956
2 863
9 692
6 741
10 86
4 201
8 161
7 713
8 95
10 401
6 407
5 745
3 449
7 597
4 38
10 717
2 98
5 302
10 812
1 477
4 560
5 402
9 73
5 162
8 725
5 108
8 794
9 327
10 779
9 209
10 474
5 314
4 700
7 491
8 512
10 736
1 154
5 469
8 435
4 894
3 768
9 87
4 14
4 905
9 515
3 510
10 226
6 530
4 671
4 956
2 565
1 573
7 192
2 476
7 109
3 985
7 527
2 372
2 956
9 985
9 692
9 841
7 508
7 845
6 371
2 990
1 417
1 773
6 706
3 630
7 282
6 928
4 669
1 133
4 264
7 79
6 668
7 680
2 163
6 177
3 322
10 773
10 651
9 343
5 539
6 64
6 412
8 116
1 786
9 453
6 255
9 518
9 409
7 441
2 922
2 712
2 427
4 274
5 195
10 539
3 191
10 318
3 421
7 599
6 727
2 854
8 889
7 424
4 959
3 777
2 955
2 881
8 356
3 829
4 449
2 166
9 24
1 630
2 938
2 887
5 650
5 869
2 763
9 190
10 941
6 612
9 639
6 168
8 49
7 560
3 56
4 723
1 344
2 648
8 308
2 574
6 62
5 928
7 796
4 930
10 877
6 484
8 962
8 516
3 836
7 595
7 219
10 631
2 248
8 50
2 459
6 360
8 851
9 893
6 881
9 575
9 531
5 320
5 979
4 597
10 288
9 978
3 23
4 409
3 718
10 978
2 337
7 575
2 230
5 784
4 788
6 820
8 190
9 251
3 481
5 393
3 919
5 112
5 566
1 19
3 543
10 570
2 799
5 549
9 686
8 217
10 449
1 503
7 723
8 260
5 221
1 46
2 116
3 243
9 698
1 551
4 994
7 525
5 836
1 149
7 886
5 322
2 256
8 680
8 818
4 752
4 25
1 127
7 786
10 334
6 699
3 701
9 687
10 561
8 13
9 529
1 871
9 918
4 885
3 844
2 312
3 135
1 11
2 660
2 302
5 386
4 807
2 977
9 247
4 225
1 653
10 963
8 87
7 749
1 450
1 99
5 124
7 951
7 288
6 155
3 733
4 20
5 532
6 587
7 522
1 594
4 393
5 450
8 168
8 927
8 27
7 974
7 279
2 646
6 341
10 873
8 177
8 882
6 62
10 346
9 517
1 384
9 325
8 627
9 157
3 175
3 333
4 171
4 193
10 775
8 608
9 462
5 968
10 524
3 593
2 412
1 992
8 159
5 593
7 422
8 492
2 846
1 99
10 93
8 782
8 62
7 791
10 532
1 437
9 822
7 52
1 843
6 275
7 919
10 489
4 937
7 708
6 108
10 104
6 480
6 958
1 769
8 461
9 490
1 896
5 526
1 426
7 41
5 772
9 329
6 307
1 809
4 571
1 492
2 166
4 101
3 991
2 730
2 172
3 755
6 274
7 804
2 815
7 708
10 581
3 354
1 750
3 683
4 401
9 35
4 250
10 788
7 494
5 219
10 758
1 213
8 921
6 330
4 811
7 650
8 482
10 330
4 925
4 823
7 123
9 566
10 164
3 665
5 19
8 721
3 8
2 422
7 130
4 583
2 484
1 710
1 571
4 865
9 713
8 484
10 603
9 868
10 898
7 9
5 232
6 534
5 522
4 485
3 107
6 928
8 113
8 875
8 456
6 495
10 829
8 577
9 944
1 993
4 273
10 958
4 158
6 254
2 7
3 363
3 764
3 50
1 166
9 180
9 98
5 603
10 565
8 822
8 286
8 366
3 782
8 135
1 889
8 628
8 100
7 334
9 567
6 855
10 689
4 984
4 690
6 857
10 603
7 626
3 979
1 198
5 870
4 359
2 816
10 607
5 686
7 338
2 543
7 363
7 420
4 676
8 203
8 905
1 541
8 353
8 386
7 743
2 564
5 113
5 63
9 708
2 173
1 74
2 576
3 889
4 877
10 853
3 281
3 339
5 963
10 13
4 435
10 387
3 112
4 952
8 634
8 982
10 629
7 884
8 189
3 823
9 646
1 10
8 746
9 932
7 619
8 141
9 746
9 696
2 712
5 336
6 209
10 933
5 777
5 529
1 577
6 797
4 316
1 488
8 101
6 405
7 216
3 218
1 732
6 437
6 448
6 261
3 68
2 385
3 701
2 882
6 449
3 902
6 752
4 626
10 575
8 572
3 983
8 737
8 322
10 464
2 996
4 299
6 946
2 139
5 36
7 688
5 666
4 799
6 5
8 520
6 373
5 972
3 760
2 81
10 89
9 576
2 245
9 351
4 735
5 876
9 330
2 519
2 158
5 720
7 104
2 449
3 298
5 311
1 568
9 752
9 597
2 395
1 296
1 88
4 912
9 205
6 649
3 521
4 507
6 927
5 194
8 645
5 648
2 326
2 942
9 365
8 213
5 82
3 263
4 717
4 506
6 792
6 802
6 558
9 885
3 719
1 520
7 595
5 830
4 583
2 672
6 834
1 556
1 322
10 952
9 391
7 48
6 506
6 383
3 99
8 726
5 404
1 740
8 882
10 476
3 640
7 944
1 482
9 920
7 685
6 702
9 119
4 229
3 400
10 45
8 145
5 371
5 413
6 772
4 510
3 88
10 314
5 180
1 294
10 294
1 937
1 477
6 493
8 952
4 920
2 643
1 600
9 836
6 366
8 575
9 372
9 642
5 142
6 59
9 216
1 834
7 413
10 416
5 365
8 381
3 512
4 847
6 926
2 590
5 370
5 551
9 58
7 722
9 578
7 626
1 338
5 833
1 17
2 40
3 213
10 685
5 114
6 648
2 134
1 42
2 664
3 246
5 237
6 456
9 542
6 946
3 197
6 259
2 956
1 555
4 21
7 825
6 767
5 819
4 408
8 338
9 893
2 765
2 410
9 31
5 849
9 492
2 295
3 610
2 597
7 879
7 865
4 15
3 777
1 397
6 653
10 754
4 329
9 472
2 197
6 177
8 956
7 515
6 615
5 965
2 574
10 421
9 363
9 543
10 344
4 868
3 195
9 493
8 221
4 602
3 148
1 21
6 286
3 552
8 745
7 204
1 608
8 840
6 451
6 82
7 333
4 982
2 764
5 789
4 457
2 407
5 997
3 919
7 838
7 953
6 335
2 604
3 943
10 78
3 518
10 266
9 362
6 331
1 173
9 715
1 698
2 795
7 888
7 120
4 376
10 967
4 1000
9 635
10 193
9 99
3 590
4 917
6 108
1 568
9 191
4 209
8 595
4 735
8 972
1 14
3 173
3 232
4 895
2 613
7 532
3 823
5 160
7 920
9 118
7 345
2 980
8 998
5 18
10 185
5 310
7 726
5 593
7 117
8 299
1 281
2 236
7 122
1 3
7 525
3 713
2 867
1 908
6 422
8 338
8 21
6 947
3 716
5 846
6 944
3 457
5 700
1 683
5 946
5 305
9 410
9 792
1 52
10 153
9 648
4 527
8 183
5 304
4 335
5 18
2 169
7 237
7 165
8 146
6 488
9 720
6 285
5 772
1 225
9 654
8 581
3 596
5 367
9 517
7 486
7 15
10 103
5 681
9 495
4 641
9 719
6 355
10 192
9 596
1 174
7 456
2 227
2 461
9 677
6 447
9 62
1 302
6 923
8 397
2 85
1 623
9 836
6 453
10 184
3 331
10 745
2 47
5 990
8 393
7 262
2 525
1 839
9 997
3 462
9 246
1 582
2 772
8 311
6 906
8 776
10 654
4 770
4 364
10 546
4 826
1 928
9 687
1 862
6 90
1 630
6 54
10 705
7 37
3 821
3 283
3 318
3 298
8 387
10 780
5 363
6 959
9 516
4 375
7 208
4 690
6 400
3 39
9 847
9 602
10 929
2 387
1 65
5 39
5 119
9 344
2 77
10 840
5 114
9 288
1 209
1 955
8 523
4 75
3 450
8 810
10 856
2 159
10 885
7 907
8 614
5 341
1 50
5 845
7 775
2 307
4 245
3 63
6 822
5 381
4 416
8 774
6 479
10 95
8 561
9 207
9 644
9 292
9 751
2 384
2 207
10 546
9 175
2 198
2 53
4 245
6 767
2 31
3 871
2 108
3 160
1 440
10 747
6 570
8 130
8 408
3 13
7 178
1 819
4 99
10 619
3 822
10 407
8 638
8 595
8 91
6 845
4 685
4 356
2 709
2 367
7 291
6 736
8 619
10 885
2 966
2 713
10 683
10 291
8 612
2 647
3 941
2 682
4 343
3 127
8 686
7 297
3 602
1 68
10 408
10 927
6 823
7 989
2 230
8 791
10 426
2 415
2 900
9 825
1 929
6 617
4 787
4 633
6 411
10 441
7 660
3 229
6 484
7 769
2 270
5 847
2 910
9 811
8 481
8 59
2 229
4 463
10 373
10 157
1 150
1 319
3 867
3 840
4 483
10 158
6 581
5 501
9 15
9 993
9 310
7 659
10 351
6 996
9 876
4 920
10 754
3 221
7 813
2 389
7 319
7 261
3 749
3 16
4 558
8 557
2 341
8 204
6 174
3 477
2 237
8 885
10 704
9 684
10 435
9 838
3 386
3 528
6 702
8 159
4 279
9 114
6 429
10 765
7 977
10 957
7 645
9 843
9 113
8 623
5 48
8 829
10 873
8 531
7 564
1 668
3 16
5 38
2 337
10 930
10 842
2 245
7 890
9 307
2 25
8 920
8 610
7 478
10 842
4 378
9 62
5 793
1 499
4 812
2 736
3 99
1 836
6 811
8 702
4 498
5 503
5 68
10 895
6 150
3 465
3 367
8 239
4 630
8 373
6 431
5 396
8 299
8 679
5 191
6 249
9 490
4 884
3 284
4 359
1 469
4 559
2 313
5 40
1 705
8 7
4 359
3 824
7 512
9 195
7 372
9 810
5 572
10 396
9 765
10 119
6 619
6 510
4 205
9 328
1 624
7 302
1 132
7 371
6 350
10 940
5 663
6 828
10 514
9 721
7 951
2 476
6 634
9 504
8 103
4 522
6 645
9 753
3 184
9 103
3 676
8 629
4 407
1 504
7 398
2 340
8 39
5 520
9 365
5 36
6 559
10 679
3 339
3 219
6 452
3 885
8 684
2 963
5 70
10 248
4 18
5 992
5 445
5 451
8 929
4 272
4 956
1 285
7 416
3 72
5 776
2 183
8 300
1 426
8 548
5 140
8 860
8 733
4 554
8 210
5 492
8 781
8 560
6 416
1 75
5 654
5 41
4 744
6 450
2 916
2 122
5 250
8 240
6 415
3 901
6 400
4 624
9 228
6 439
4 448
5 652
2 307
10 668
4 713
3 318
6 772
4 321
8 947
7 12
2 256
9 349
7 490
3 558
7 743
6 164
5 850
1 68
4 954
2 709
3 515
7 1000
6 434
5 546
3 215
8 135
5 518
6 461
7 527
6 180
10 256
9 567
4 619
6 401
7 46
1 205
1 445
5 433
3 392
4 709
1 343
5 651
4 596
1 743
10 381
5 706
3 367
3 747
7 541
2 303
3 938
2 246
9 268
10 540
9 465
4 299
7 893
6 929
9 126
8 403
5 350
2 712
2 537
4 528
8 928
9 98
9 69
10 582
2 645
7 621
3 473
1 337
8 113
10 160
5 478
8 976
2 897
3 140
2 841
4 89
9 76
4 254
8 611
3 532
5 984
1 566
3 888
5 815
4 903
7 982
3 995
9 528
5 455
2 449
8 714
6 425
3 607
8 140
8 143
9 392
6 807
6 187
9 273
9 387
6 380
7 883
7 780
5 615
6 420
8 612
5 41
4 810
4 81
3 591
6 465
3 349
10 45
8 562
2 851
1 341
8 426
4 727
9 691
10 112
4 941
4 877
8 639
7 46
3 833
4 687
3 379
5 441
9 116
4 294
3 78
9 113
8 164
1 169
10 436
9 446
9 800
2 553
1 79
9 758
9 148
4 943
7 332
2 647
2 300
9 407
8 440
6 102
5 928
7 603
3 250
5 390
2 359
7 618
2 934
6 999
1 668
4 270
1 525
10 349
8 319
4 513
1 633
2 606
8 36
10 857
5 656
4 988
9 363
4 988
3 182
7 325
3 491
8 320
7 355
4 640
10 991
7 467
9 948
3 197
10 401
5 57
3 9
4 365
4 72
7 877
9 570
5 538
9 29
10 4
10 254
10 987
6 347
3 734
6 214
6 519
7 934
9 573
2 58
1 363
9 881
4 205
7 998
1 325
1 506
2 395
1 716
8 246
9 916
8 862
2 552
4 679
2 311
7 506
6 464
8 635
4 849
10 727
8 436
1 41
6 857
9 627
2 532
5 496
9 425
9 253
3 232
3 191
8 808
10 612
1 379
3 375
7 49
5 372
1 453
4 233
6 394
9 471
6 42
8 871
1 964
3 352
1 73
2 575
10 879
4 996
9 227
3 3
4 556
3 53
6 798
7 386
7 55
2 76
5 337
3 188
6 832
9 463
6 320
6 315
5 255
8 79
7 573
8 845
5 970
2 513
4 949
7 626
6 68
3 473
1 142
8 817
8 762
6 438
2 786
3 980
6 880
8 240
2 831
4 74
9 710
2 140
5 931
1 753
4 556
6 981
6 833
4 898
1 472
8 270
4 868
7 224
2 844
4 826
4 120
6 811
7 473
8 988
1 913
8 162
1 147
9 25
8 971
3 216
4 626
6 269
7 653
6 192
2 342
9 862
1 331
6 835
5 825
2 270
10 20
8 145
3 65
7 887
3 276
6 458
10 978
7 299
8 751
1 32
1 22
9 722
3 129
3 252
9 254
7 607
8 737
5 972
7 845
7 551
10 462
3 973
7 875
4 520
4 229
9 691
2 856
4 910
2 303
6 902
3 738
7 259
6 2
3 718
1 259
7 81
2 409
1 545
4 157
6 994
7 930
4 661
7 392
7 960
4 455
2 135
9 741
1 586
6 519
1 331
10 148
8 891
4 62
2 979
10 588
4 552
5 664
5 540
8 100
3 532
3 353
6 556
9 929
7 554
3 17
1 302
3 935
1 230
7 713
10 31
9 496
4 917
6 322
4 470
8 893
2 159
9 10
9 102
8 746
10 700
1 422
2 754
6 743
4 247
3 139
1 516
1 586
6 252
9 90
1 926
9 529
1 998
6 951
8 558
10 702
5 384
6 883
9 153
9 85
8 905
9 524
9 788
7 465
3 621
4 695
4 573
4 51
9 134
2 929
6 577
5 516
5 193
1 90
1 334
5 539
10 311
3 760
2 282
1 82
5 536
2 956
2 764
4 235
4 109
6 411
5 405
7 303
9 749
5 212
9 866
9 677
8 261
10 716
1 980
8 708
5 810
3 769
6 740
6 534
4 72
2 525
8 386
3 529
4 702
5 178
5 307
5 498
10 790
3 44
6 235
4 330
2 162
4 594
10 546
6 490
5 178
8 850
8 301
5 949
6 675
7 738
4 776
1 649
10 454
5 901
2 900
1 426
9 29
4 541
1 323
8 361
4 474
3 957
7 37
4 810
10 719
5 91
10 30
4 90
10 245
2 664
4 495
10 147
9 253
6 285
4 228
6 468
10 474
6 951
2 171
6 686
2 329
9 292
7 272
3 662
2 995
4 837
8 957
3 573
4 405
1 532
2 180
10 463
7 150
9 338
2 791
10 617
6 841
5 590
10 546
8 741
3 862
10 736
10 976
9 822
9 370
6 789
1 968
10 581
10 105
4 447
4 567
7 573
4 87
10 741
3 262
9 523
8 308
4 586
1 413
4 340
1 305
5 831
10 747
1 938
7 916
1 293
4 499
2 750
2 442
2 338
9 255
7 104
10 91
6 527
9 818
5 240
3 858
6 650
2 44
4 51
10 683
5 739
4 807
6 561
5 335
7 435
9 264
7 660
2 103
7 881
1 156
8 19
6 261
9 676
3 233
4 186
7 366
6 379
1 867
6 4
1 32
9 273
10 593
7 835
5 731
5 280
6 768
5 209
3 234
6 931
8 508
7 487
4 37
4 366
6 348
8 786
3 979
5 99
7 608
6 703
8 690
5 405
9 121
1 553
1 394
2 271
1 183
6 461
4 583
2 99
6 57
6 397
2 694
1 189
3 579
5 560
8 947
6 610
7 33
7 914
2 397
10 957
3 956
6 910
1 195
4 178
8 80
5 998
10 2
8 952
2 587
9 759
8 346
9 697
3 781
8 896
4 23
3 963
7 363
10 249
9 841
4 953
10 916
5 247
7 518
3 81
5 526
5 998
8 484
7 570
1 312
9 463
5 235
5 123
5 846
6 189
10 712
10 986
5 778
4 292
4 226
10 930
3 673
6 541
8 249
1 259
6 514
9 478
10 933
1 901
3 220
6 826
10 798
1 715
9 204
2 918
6 971
3 976
5 472
6 44
2 590
2 144
1 585
6 700
6 176
8 631
8 610
2 289
5 872
9 487
5 942
6 682
4 713
5 175
7 982
3 846
4 458
6 232
6 681
10 307
7 478
8 475
6 896
1 380
3 541
1 628
2 94
8 613
2 520
1 796
6 734
4 201
2 16
9 22
10 644
3 55
10 437
5 534
3 903
6 418
8 229
9 831
10 846
6 7
7 257
7 854
2 505
6 425
4 207
6 856
10 253
7 822
9 596
5 461
2 912
6 241
9 133
7 220
4 741
2 695
4 669
3 753
10 196
7 267
9 230
9 192
10 828
8 89
8 918
4 270
5 845
5 812
3 30
2 370
9 287
5 481
7 315
8 762
6 674
8 945
2 781
8 272
6 746
8 774
1 940
2 433
7 495
4 424
1 919
4 557
9 906
1 683
4 86
3 987
8 205
6 935
9 728
10 972
8 521
2 990
5 788
5 335
5 75
9 3
3 733
7 938
2 186
6 214
9 581
4 635
9 763
8 48
4 754
10 75
4 989
9 179
1 853
1 168
2 553
5 984
10 658
10 915
9 402
6 980
4 169
5 409
9 75
6 694
6 751
2 469
10 29
9 250
3 685
1 668
6 329
2 235
9 28
9 194
4 657
10 574
6 879
7 368
8 761
5 87
5 937
3 688
2 700
6 288
3 699
6 429
4 297
6 129
5 966
2 340
9 895
2 767
9 165
9 395
4 682
10 129
8 656
6 233
7 530
6 932
8 244
3 190
7 872
7 221
5 844
9 687
1 828
2 757
4 667
7 283
7 323
5 8
5 568
5 337
8 71
9 331
9 168
3 888
3 777
2 908
3 94
1 89
9 823
9 846
3 98
3 374
10 822
9 888
2 207
6 548
1 209
4 672
2 402
8 393
3 270
10 464
8 942
8 661
1 666
10 814
7 140
3 42
6 577
7 826
1 167
4 36
6 784
1 821
5 990
2 662
1 975
5 201
9 959
3 273
1 719
2 259
9 386
9 835
2 414
1 224
3 780
1 857
4 153
7 890
4 846
10 352
10 192
1 432
7 385
4 301
5 916
7 892
3 35
1 246
8 303
3 857
1 329
3 851
6 34
4 372
1 59
10 577
9 128
6 234
2 420
4 459
8 967
1 800
2 566
6 908
8 256
10 784
5 151
8 50
4 987
3 907
5 197
10 742
7 533
4 828
2 586
3 779
4 555
9 369
8 806
9 103
1 247
1 979
6 813
8 870
2 486
1 155
6 319
10 616
10 593
3 607
10 557
9 885
8 549
5 948
3 284
2 592
3 485
9 532
4 474
9 630
4 352
9 993
3 664
6 542
2 198
8 93
7 656
9 823
6 744
6 689
4 343
9 950
2 253
2 745
5 157
5 144
4 204
2 224
3 926
5 790
6 14
6 819
1 346
2 954
2 685
4 35
8 584
9 630
1 118
5 170
2 618
2 397
8 402
1 70
6 626
10 78
7 205
5 632
5 756
7 617
9 546
10 268
9 660
9 61
1 496
3 125
2 967
3 962
2 672
5 199
2 468
1 542
10 77
10 494
1 349
8 123
7 939
3 617
5 222
6 913
7 673
6 604
3 71
9 893
5 268
5 690
8 452
6 699
9 148
10 919
2 557
5 821
7 22
3 922
7 268
4 932
1 725
3 717
4 232
5 187
4 335
9 844
10 826
10 920
8 166
9 410
1 55
9 12
7 714
10 534
2 881
2 569
10 973
1 413
8 294
2 38
2 942
4 811
9 31
1 296
1 208
10 635
3 91
6 531
4 501
7 929
3 243
10 621
10 524
8 974
3 992
3 515
7 290
4 583
8 858
1 888
1 80
4 198
5 525
5 257
2 701
8 488
6 666
8 556
1 692
2 11
6 55
2 133
7 298
8 957
8 560
5 448
8 496
1 486
2 562
3 707
5 959
7 408
3 339
3 27
9 379
7 350
2 576
6 790
9 353
8 325
6 717
6 654
8 253
6 58
10 931
3 206
8 32
6 115
2 478
9 605
2 871
7 849
8 204
8 591
5 661
3 430
9 556
4 133
8 735
10 911
8 520
3 621
10 503
10 452
3 569
3 499
3 31
6 834
5 741
9 187
7 369
2 287
4 287
3 458
3 45
5 480
3 472
8 412
9 290
3 643
4 142
9 698
7 922
4 346
2 616
3 427
3 893
6 833
3 327
10 129
5 56
1 171
7 782
2 112
6 757
1 380
4 577
6 742
7 940
4 540
6 670
10 492
1 285
4 783
2 763
10 791
1 412
10 751
10 438
6 89
3 559
5 834
9 795
2 441
9 696
8 992
8 759
3 548
6 153
7 89
1 9
10 554
4 273
1 363
1 864
1 380
2 752
6 487
1 529
4 641
10 929
4 831
7 541
1 142
3 938
8 174
2 22
5 163
4 763
4 752
5 243
10 517
3 612
5 55
2 388
7 436
8 813
6 57
2 316
5 595
3 438
6 502
4 540
8 699
3 291
2 282
10 940
3 833
10 928
9 839
7 714
10 823
5 278
1 983
6 817
2 142
5 485
8 497
3 89
7 190
5 288
9 371
4 584
1 935
1 519
6 23
10 643
2 180
10 844
6 730
8 900
9 23
9 675
9 613
8 444
9 382
1 978
4 714
5 782
10 171
1 971
6 800
10 460
3 590
4 553
7 569
7 463
8 729
8 865
3 897
2 604
3 239
2 423
5 588
2 892
7 694
5 805
8 471
4 590
3 54
10 116
10 834
9 479
9 204
5 953
5 917
4 445
4 846
2 887
10 495
5 395
10 650
9 170
7 877
8 402
6 325
2 671
3 367
9 401
7 186
8 678
7 868
7 729
8 189
1 130
5 805
3 207
3 593
6 599
8 701
3 129
7 228
6 133
7 325
8 827
10 167
10 18
2 126
5 904
2 31
5 706
2 309
7 696
6 673
3 197
7 175
8 576
9 627
9 163
4 272
7 366
9 71
1 939
9 199
2 26
8 217
6 929
1 359
6 833
9 227
8 667
5 199
2 562
5 897
3 722
5 593
6 104
10 106
7 265
3 897
9 301
6 62
8 599
8 654
4 743
2 562
5 22
5 467
7 410
7 211
3 847
1 172
7 669
2 48
6 44
4 84
5 516
6 229
4 713
2 26
10 676
3 577
4 501
10 1
8 615
4 246
9 672
1 382
2 437
10 656
6 230
6 445
5 242
6 339
3 237
5 300
7 471
1 79
2 703
6 743
2 39
3 138
4 145
9 454
9 599
2 251
5 78
8 13
6 865
7 211
5 256
8 108
9 679
6 868
9 149
2 28
6 962
8 555
4 591
5 201
3 268
10 958
10 296
3 353
2 821
6 3
9 12
1 933
1 380
7 514
5 748
8 199
4 170
10 430
4 622
4 511
1 336
9 222
8 661
6 895
8 233
1 170
4 480
8 200
4 584
3 265
10 686
7 385
4 872
2 184
5 725
7 819
3 484
10 985
5 529
10 93
4 275
10 456
5 378
7 646
9 361
6 991
2 301
10 887
10 223
9 151
6 848
5 945
10 358
1 654
5 45
3 232
5 951
7 58
3 182
6 949
6 929
8 566
6 768
7 63
8 197
8 994
8 899
8 584
3 307
10 415
10 168
9 338
6 791
2 51
7 262
9 304
2 689
7 107
9 106
1 603
3 240
2 184
8 371
3 480
10 731
3 370
7 448
6 703
4 936
9 903
9 668
6 971
9 227
10 595
9 988
7 704
8 127
2 91
5 77
8 651
7 770
8 357
4 718
7 205
6 528
1 907
7 172
9 795
3 399
3 301
8 994
5 170
8 455
9 447
6 703
5 763
9 227
9 993
2 159
4 165
9 356
4 424
9 545
4 456
4 732
1 988
10 889
2 550
9 524
2 530
1 9
5 578
1 115
3 480
7 174
6 828
7 689
10 482
2 435
6 536
2 367
5 960
5 987
3 407
10 764
8 101
5 193
4 597
8 713
9 122
4 123
2 373
7 366
3 519
3 320
1 826
9 448
10 755
4 879
7 142
9 147
4 923
5 105
10 216
10 315
3 722
2 848
10 877
7 125
8 904
9 524
8 117
8 170
4 39
5 882
4 172
3 509
9 517
6 567
2 216
2 856
8 508
9 298
1 202
3 775
7 267
3 798
6 297
3 298
7 695
8 58
1 247
5 26
9 171
10 776
10 232
9 392
7 934
4 26
4 541
10 98
9 387
2 369
1 67
2 731
10 224
6 46
7 882
9 55
5 429
8 56
3 864
8 1
6 157
6 843
8 269
4 843
5 149
7 841
7 355
9 742
1 737
10 389
1 450
4 589
8 610
8 55
3 356
7 219
10 156
3 326
10 580
9 292
6 362
3 696
8 502
5 362
7 302
8 1000
6 165
7 51
4 685
4 500
6 731
6 963
3 641
5 754
2 404
6 918
5 20
10 951
2 278
2 480
3 294
4 241
7 490
3 42
4 712
8 967
8 588
9 935
7 829
5 313
3 564
5 130
4 293
2 181
5 692
6 711
10 268
5 462
2 28
7 711
4 464
9 391
1 768
6 459
3 129
10 415
7 733
10 349
8 893
7 203
2 971
3 436
10 571
8 271
10 55
10 749
2 976
5 696
3 646
8 243
10 422
3 161
8 192
7 523
2 298
6 35
6 311
9 733
2 993
7 529
9 56
2 812
4 576
3 666
1 693
2 947
8 719
5 481
1 555
10 525
2 924
5 67
10 884
4 452
2 624
9 492
6 373
5 260
6 926
6 909
1 453
3 151
3 409
9 530
9 181
9 49
9 547
2 379
1 426
4 887
8 152
2 413
9 989
9 507
3 564
1 550
7 498
2 182
2 455
6 303
5 650
1 846
5 232
7 248
6 430
6 168
3 387
4 310
1 773
6 331
4 259
8 935
3 810
6 251
3 291
8 972
9 109
9 995
1 106
4 232
3 838
3 549
4 160
7 528
6 192
7 60
9 681
1 555
1 704
6 312
1 684
4 254
7 241
10 846
3 649
3 444
1 147
1 985
9 316
10 58
9 384
7 277
9 50
6 729
8 433
6 800
7 434
5 823
9 125
9 611
4 494
8 803
2 565
9 699
9 434
5 318
7 970
2 904
6 162
3 28
3 504
4 425
10 766
6 861
5 355
10 775
4 921
5 535
4 588
4 163
1 610
6 966
7 305
3 889
10 413
8 399
2 350
4 142
6 274
10 962
1 389
4 622
5 245
5 670
8 605
1 159
5 544
9 437
3 429
9 669
3 197
6 661
9 412
7 448
6 216
8 543
1 599
7 459
8 785
9 939
5 558
9 554
8 318
2 702
2 875
1 982
8 679
5 977
5 818
3 809
10 865
1 491
8 386
7 547
6 745
7 990
6 425
9 492
7 371
3 74
9 870
9 223
5 599
7 859
5 867
2 936
5 800
7 412
7 580
4 306
8 193
3 478
9 268
8 701
3 425
3 117
8 616
7 65
10 452
7 766
1 253
3 874
10 225
9 1
10 656
10 127
4 749
9 794
2 645
1 518
9 105
10 362
10 166
3 833
1 654
7 93
9 4
4 566
4 43
10 626
8 467
1 532
10 605
3 905
2 851
7 811
10 711
2 786
1 241
8 96
2 150
1 734
6 517
6 18
5 519
1 875
5 733
7 759
5 652
2 351
8 531
1 413
8 505
7 996
10 985
4 29
3 168
5 735
4 998
5 741
2 528
8 605
4 525
5 761
1 437
10 956
3 777
4 945
9 916
2 390
7 760
9 92
5 419
6 644
6 969
9 905
4 324
8 528
10 916
1 254
10 580
5 948
5 723
1 74
4 476
9 185
9 319
6 533
6 222
10 792
7 510
10 269
5 854
10 282
9 892
3 87
7 505
6 392
2 338
1 164
8 960
4 122
10 433
1 458
5 654
5 767
8 146
5 864
10 291
6 532
6 536
2 633
8 394
7 152
10 103
8 377
1 732
5 920
8 123
7 113
5 158
7 954
6 228
5 321
8 845
1 225
3 780
10 796
8 831
4 660
1 931
4 21
9 767
1 880
7 116
10 443
8 662
10 451
2 775
4 393
10 123
1 633
9 539
5 581
2 527
7 922
4 126
3 643
1 278
5 743
10 119
5 223
9 333
4 55
7 884
8 133
8 53
4 883
5 129
6 283
4 255
3 341
4 851
3 586
3 272
3 310
9 94
3 54
10 36
3 300
7 505
10 55
7 189
8 436
9 144
9 58
2 292
3 339
6 46
10 798
6 685
9 368
3 233
8 837
7 401
8 907
2 285
7 933
7 491
4 51
6 92
9 704
5 631
10 387
9 492
6 504
5 700
8 139
10 597
10 312
4 922
4 89
3 376
8 357
5 557
3 936
5 834
9 466
6 513
2 100
5 444
2 471
6 674
1 436
9 554
1 391
4 405
4 548
6 621
7 157
6 807
1 365
3 923
8 491
10 72
1 636
10 785
7 485
1 555
5 185
5 70
2 827
9 879
7 744
3 466
9 210
9 609
9 267
8 970
4 595
8 223
1 683
2 979
1 459
1 560
3 148
10 47
5 881
8 608
4 232
9 408
9 620
3 623
2 271
10 82
5 183
6 501
7 337
7 734
9 125
6 256
1 189
6 466
7 13
6 606
7 551
1 14
3 808
5 200
3 363
3 686
1 573
1 295
7 674
9 697
9 336
4 57
4 141
1 203
8 841
5 436
10 589
1 849
6 806
2 854
9 776
8 612
3 276
4 627
8 703
1 834
2 615
2 58
3 632
7 183
5 628
7 558
3 831
6 995
7 680
9 748
1 113
2 673
8 999
9 411
1 477
4 268
3 908
10 81
7 309
10 112
9 689
1 217
5 505
8 166
2 441
8 899
8 364
8 456
5 304
5 561
4 352
1 512
2 93
7 740
8 969
9 387
3 38
7 258
8 691
2 211
6 312
2 147
8 127
4 50
9 164
5 708
7 164
4 186
8 554
8 452
7 647
8 750
9 340
6 943
10 100
6 302
2 123
7 761
3 204
9 101
7 537
8 706
7 705
2 382
6 621
3 132
8 662
10 788
7 895
4 650
7 701
5 952
7 876
10 728
7 186
6 147
6 831
10 636
9 601
7 256
5 953
2 807
8 565
9 246
4 793
1 173
9 10
1 202
2 111
3 556
8 233
4 300
5 543
1 682
6 667
7 322
1 631
4 400
5 784
10 384
6 740
2 4
10 62
7 802
3 909
1 851
9 248
5 388
4 825
3 905
10 204
5 316
9 513
9 287
2 798
10 390
4 384
3 171
7 16
4 407
1 78
9 291
2 147
4 532
6 551
3 996
7 830
6 661
10 925
2 455
5 820
9 987
8 300
4 906
8 553
7 176
2 53
10 376
9 61
9 663
8 547
3 416
9 964
1 231
2 694
1 639
3 955
7 928
8 71
7 254
9 739
7 59
7 142
10 64
1 328
10 6
4 571
2 542
7 691
6 461
3 790
8 979
4 959
2 45
8 403
4 914
10 84
3 409
1 606
7 304
9 829
10 871
5 29
9 614
2 774
10 785
1 140
8 582
8 18
3 349
2 627
10 129
6 27
1 792
1 571
9 26
3 588
4 827
3 971
8 611
3 285
8 471
7 254
5 246
4 10
3 659
9 40
6 408
8 677
10 647
4 532
8 620
1 441
9 301
8 74
8 109
4 313
3 62
6 243
5 342
7 430
10 403
2 897
4 318
4 680
10 112
2 330
9 341
7 393
5 919
7 365
1 331
1 643
2 54
9 577
9 90
2 639
10 137
8 249
5 574
9 260
10 256
6 779
7 138
7 193
10 83
4 774
4 245
9 16
6 869
4 649
8 433
4 622
4 490
6 696
10 571
1 366
5 649
8 994
4 501
8 884
9 171
9 510
1 592
8 58
8 721
3 450
1 420
5 592
4 814
6 850
6 230
1 169
2 1000
1 594
3 282
3 807
8 450
3 815
3 563
10 302
6 855
7 431
6 254
7 32
7 886
9 21
4 669
7 587
2 53
10 296
7 498
1 179
2 59
3 605
2 345
2 501
2 890
8 163
10 622
9 506
8 928
10 367
7 400
7 428
4 492
10 753
5 682
7 676
7 621
9 402
5 408
5 248
3 796
10 168
5 507
7 687
2 370
7 364
10 884
7 887
10 762
1 620
1 535
1 884
6 478
9 150
6 178
6 140
1 714
10 568
2 681
3 58
4 613
8 94
9 906
10 998
3 611
7 399
4 457
4 86
1 154
4 147
3 193
6 39
10 40
5 155
9 815
3 725
1 292
3 878
3 425
5 115
5 279
10 619
9 869
7 151
6 844
7 326
8 866
8 205
3 541
2 365
10 615
4 886
10 840
7 743
1 743
9 94
6 349
1 948
2 382
1 85
9 570
7 155
7 171
9 293
2 466
4 745
2 580
10 728
1 257
9 81
4 201
4 681
6 306
1 194
4 791
9 256
4 129
1 877
9 252
2 119
4 735
2 899
9 500
7 453
4 821
10 186
3 821
4 93
3 835
4 505
1 786
9 194
4 989
2 207
3 487
5 559
3 529
1 510
5 143
6 210
7 793
5 233
3 180
6 215
2 953
1 585
7 210
3 605
10 707
10 933
8 950
8 660
6 945
2 319
5 635
8 982
6 413
4 936
9 831
7 616
3 649
4 113
7 808
4 84
1 838
2 947
7 834
2 27
7 978
5 319
7 25
4 271
8 409
10 869
9 896
5 396
8 685
1 837
4 545
1 320
8 657
7 836
8 92
6 771
6 145
8 272
8 671
4 437
6 789
6 150
4 177
9 780
4 655
3 352
7 883
3 80
4 360
6 126
1 43
3 504
8 873
7 889
3 30
7 31
8 86
4 250
6 722
10 393
7 194
7 412
9 970
3 596
10 519
9 357
4 465
6 748
1 764
3 328
7 464
6 41
10 913
5 306
10 747
10 125
5 842
4 743
8 593
9 56
8 916
5 187
1 235
4 271
8 685
4 82
8 393
1 168
9 120
10 118
9 575
3 550
10 483
5 29
9 216
9 775
6 319
3 101
8 976
7 636
4 229
3 487
4 141
4 474
10 188
4 335
3 510
6 906
3 419
2 194
2 936
9 416
6 997
5 640
10 662
6 189
3 28
3 110
5 762
2 34
1 232
6 726
8 413
6 682
7 208
10 775
2 212
7 930
6 852
3 393
2 973
6 899
5 20
8 926
5 437
5 710
5 14
9 817
8 24
7 579
5 164
3 694
3 272
10 298
7 851
5 77
5 650
6 818
1 967
3 856
3 940
2 839
6 496
10 196
10 271
4 533
7 533
7 250
2 137
10 425
3 811
4 2
4 869
6 160
3 283
6 613
7 172
6 58
1 525
8 706
10 317
4 13
3 795
2 643
10 219
7 8
4 508
2 455
7 789
1 596
10 764
1 287
1 1
8 490
4 945
6 310
10 269
8 329
3 564
8 90
5 7
6 747
4 468
4 537
8 96
3 726
6 626
2 507
6 182
2 924
10 401
1 364
10 97
2 835
5 233
2 667
6 336
8 5
7 271
1 155
2 518
4 329
2 620
10 853
5 260
9 285
6 180
2 128
3 731
9 925
1 233
5 565
10 655
2 884
5 686
5 840
5 720
7 10
2 383
8 964
6 293
4 722
6 239
2 150
1 71
2 570
6 701
1 162
1 268
9 464
8 520
6 545
1 128
5 371
8 998
7 740
2 507
1 237
9 531
3 147
7 656
1 817
9 467
6 888
9 232
2 312
2 135
10 12
5 747
9 123
8 575
5 761
3 353
4 556
2 732
3 888
2 133
1 570
1 921
2 339
6 597
1 610
8 93
10 464
8 207
8 969
2 151
10 892
5 676
3 54
5 838
3 506
4 533
10 181
9 388
8 402
10 580
6 561
1 759
2 207
1 470
3 918
6 363
4 331
5 294
3 939
2 966
10 124
9 54
5 983
1 734
4 16
10 819
5 466
3 1000
7 713
4 212
9 549
2 281
5 312
3 977
9 484
8 809
6 927
10 521
10 282
8 166
10 489
9 67
7 749
1 981
6 966
10 5
3 703
7 138
10 449
9 264
8 457
4 135
1 983
7 701
5 79
5 882
10 365
5 646
7 477
3 508
7 199
2 450
1 266
4 752
7 381
4 577
9 358
5 524
9 736
5 355
6 14
5 901
5 325
4 877
5 893
10 665
2 589
8 167
6 878
2 281
7 1000
4 736
4 423
10 395
1 944
8 467
6 618
8 495
9 206
3 273
1 242
2 324
10 500
4 211
10 954
7 243
5 991
5 111
10 641
10 959
1 816
7 306
4 532
3 827
6 332
5 662
5 444
9 485
5 927
3 57
5 291
8 636
2 334
10 926
10 295
9 145
2 666
3 176
7 695
1 557
5 881
3 227
3 802
7 859
4 898
3 951
1 808
10 842
9 824
10 614
3 83
3 333
2 683
3 603
2 813
9 295
4 991
8 234
2 673
7 933
8 439
3 923
4 769
3 662
1 966
5 806
2 287
2 504
2 719
3 928
5 317
1 968
4 359
3 454
10 348
1 358
3 226
9 458
8 709
9 289
7 719
6 433
8 537
4 370
1 482
6 201
10 123
6 990
10 656
5 840
4 301
6 313
6 191
6 480
10 838
2 171
5 240
3 101
2 961
2 583
1 689
3 335
4 269
6 380
2 984
7 743
6 789
2 95
4 531
1 649
8 209
8 613
8 975
8 886
4 978
4 631
8 693
9 960
3 211
5 379
2 967
4 729
10 45
2 203
1 852
4 527
5 114
2 795
7 423
10 208
3 172
9 318
8 74
8 701
8 585
3 217
1 64
1 338
9 859
10 515
9 95
8 903
8 550
5 535
7 936
10 206
7 144
10 850
10 870
10 33
5 251
8 761
10 169
2 459
1 850
3 338
10 963
6 262
10 243
9 897
5 553
4 767
8 540
6 754
7 551
3 538
3 300
3 217
3 664
1 454
7 323
5 802
9 406
10 764
2 808
10 462
4 467
1 394
5 187
3 161
7 966
5 986
8 823
6 135
6 229
2 946
6 962
5 87
8 586
3 205
10 849
5 990
10 23
4 942
3 592
7 498
4 464
2 406
1 606
6 605
2 300
10 135
1 822
2 766
7 270
3 255
6 514
7 368
4 551
9 433
8 190
5 445
2 760
9 411
2 693
8 144
3 856
3 705
9 40
2 350
4 164
3 642
7 719
5 56
6 451
7 949
9 586
8 497
4 55
4 878
7 955
9 894
5 649
2 616
5 626
2 347
7 587
4 107
10 254
4 752
3 55
6 980
3 525
7 638
4 516
1 222
5 240
1 883
7 711
10 464
8 777
6 321
3 894
5 964
1 665
8 149
4 840
4 942
5 587
5 916
3 933
1 469
7 327
2 33
10 643
6 4
2 908
1 131
3 48
3 889
6 383
1 841
3 701
9 258
4 862
3 381
8 347
8 74
6 866
5 61
10 409
9 118
8 311
7 549
7 11
8 9
3 428
10 960
10 409
10 724
10 725
7 226
3 784
7 548
4 156
6 963
9 368
6 753
1 534
9 642
1 854
3 278
6 530
2 623
4 882
1 645
8 711
8 149
3 812
7 534
4 864
9 648
7 444
6 755
1 510
3 828
5 414
3 338
9 320
6 677
8 177
1 347
2 955
3 875
7 642
7 954
8 421
7 199
4 708
2 107
10 677
7 625
10 751
3 893
6 814
7 112
5 123
5 85
6 70
9 742
2 558
7 199
9 484
10 210
6 754
10 475
6 202
7 604
8 801
10 691
5 207
9 33
3 408
10 885
8 38
10 140
7 712
3 570
4 165
4 413
7 134
4 85
5 97
10 228
2 643
7 838
6 696
9 453
2 285
7 363
1 626
9 854
2 397
2 94
6 510
10 993
9 383
9 847
4 393
3 382
9 88
5 547
10 710
8 253
1 289
9 863
5 572
4 463
2 270
8 461
9 832
7 145
9 715
1 994
4 437
5 936
6 46
3 319
2 815
5 214
1 174
10 622
6 281
6 133
2 510
8 613
1 814
10 971
6 282
1 788
5 420
3 732
4 855
8 903
5 768
8 733
6 466
3 467
7 247
2 923
5 793
1 626
10 113
9 545
9 273
1 823
10 361
10 451
10 797
2 194
10 635
3 189
1 922
5 280
10 557
7 64
3 662
9 32
9 599
7 338
1 663
3 51
2 393
7 771
3 722
5 799
7 106
4 558
10 870
4 432
4 682
5 718
4 473
3 882
4 198
5 264
7 494
6 400
10 151
6 477
4 972
1 325
8 715
7 441
4 484
4 725
2 41
3 195
2 326
9 4
1 3
2 610
5 5
8 326
8 16
2 303
9 197
3 597
7 728
3 722
8 55
8 960
3 984
4 889
3 744
4 770
10 803
8 244
5 669
9 316
10 374
5 906
2 154
5 93
2 422
2 796
3 242
7 572
3 757
1 122
10 495
3 44
9 262
2 639
8 219
1 8
10 874
9 11
4 600
6 688
2 7
7 877
6 169
3 855
5 65
4 131
1 240
5 695
4 332
8 383
9 522
2 808
9 149
5 708
7 437
7 318
2 726
2 791
9 118
2 280
7 854
3 118
8 793
10 85
8 329
7 196
5 177
9 162
3 741
2 886
10 224
6 817
7 678
7 850
9 313
3 374
5 905
6 125
4 738
6 928
8 207
2 883
4 846
8 331
4 650
1 40
7 97
8 271
5 945
6 37
4 289
8 254
10 67
6 654
6 275
2 254
6 807
1 843
3 950
2 330
1 894
5 294
8 214
3 886
4 677
10 769
5 783
6 823
2 798
1 219
5 908
8 170
5 473
10 743
10 38
2 716
3 357
5 480
4 113
3 445
6 634
6 814
10 653
7 321
8 150
3 474
6 194
10 39
4 31
5 894
3 638
9 893
6 347
1 779
7 967
5 487
9 926
6 596
10 602
5 168
4 416
5 461
9 355
9 606
6 391
6 996
7 346
1 647
3 571
7 629
2 349
7 789
1 232
4 332
8 411
2 224
2 19
3 91
7 348
9 322
1 76
4 864
8 868
5 434
10 565
1 920
7 711
6 560
1 94
6 670
2 415
10 157
2 594
6 224
4 403
3 775
2 46
10 887
8 795
7 265
3 900
7 197
10 325
9 863
7 600
3 444
8 770
6 979
9 700
10 561
4 927
7 102
10 53
4 875
4 449
10 92
8 488
5 78
4 156
10 931
8 640
9 941
10 721
8 110
4 979
3 444
8 398
1 507
6 528
6 217
5 396
2 178
6 425
7 988
1 306
7 482
4 779
4 373
1 385
4 769
9 597
8 302
5 665
9 557
1 968
4 986
6 593
2 326
5 853
2 334
6 979
3 232
10 114
8 164
10 270
9 411
9 219
2 939
8 420
8 498
4 817
7 410
2 906
4 317
2 972
3 19
1 844
8 279
6 866
1 659
1 834
10 915
1 656
8 102
7 722
8 31
9 989
2 112
3 182
4 384
8 802
8 795
10 796
6 907
5 762
7 11
10 326
10 860
10 460
6 414
3 346
4 802
5 798
5 796
7 65
5 22
7 43
2 974
10 230
4 905
8 994
7 772
2 379
10 507
8 636
2 153
7 729
10 727
4 530
9 215
4 122
3 13
2 796
7 651
10 887
2 617
2 703
6 569
5 813
5 478
5 559
5 199
8 91
7 694
10 172
6 315
10 99
1 963
6 454
2 341
1 750
2 894
2 450
5 342
8 937
1 287
4 300
3 222
3 609
5 372
3 196
6 654
5 139
4 987
9 740
3 246
3 224
4 44
9 928
10 240
4 855
8 392
4 15
5 651
2 657
1 829
9 423
8 183
10 351
6 405
9 347
9 837
3 197
1 642
7 671
7 144
8 567
8 890
3 739
5 208
1 217
10 613
5 237
5 609
10 165
8 846
6 862
2 193
2 416
3 944
3 802
2 249
8 564
10 979
7 979
7 379
2 461
5 992
4 535
7 87
7 275
6 978
5 119
8 121
8 845
7 895
5 584
3 225
5 521
3 434
10 181
7 692
2 108
8 208
3 460
2 951
10 732
10 581
7 20
5 625
8 852
10 608
1 218
1 703
10 251
3 556
10 613
10 753
1 459
4 636
6 364
8 714
1 788
3 951
4 622
1 441
10 498
5 514
3 82
7 882
3 871
9 368
2 190
4 424
9 251
6 959
5 728
6 539
6 286
4 113
5 523
9 549
8 189
8 432
7 545
6 891
3 934
1 4
2 741
5 98
1 827
10 996
3 784
7 623
9 328
2 483
6 187
1 240
8 792
10 29
7 413
5 982
7 262
5 166
4 137
7 917
1 902
3 101
6 866
2 958
5 390
3 696
7 813
2 668
6 468
2 867
8 973
10 839
5 936
5 390
4 477
5 753
7 161
8 872
3 577
1 670
9 494
4 378
1 596
10 839
3 516
7 493
5 499
5 129
1 832
9 202
4 700
5 639
7 72
7 773
2 543
1 998
10 538
5 533
2 405
5 474
8 130
5 105
4 696
3 376
3 987
2 300
7 98
4 206
10 820
2 244
5 116
1 574
6 41
8 499
1 399
2 574
10 485
3 387
7 420
5 197
9 459
7 117
10 299
6 536
3 618
3 524
4 187
10 862
9 417
10 476
8 208
5 569
4 547
2 398
10 466
8 502
2 371
7 712
10 124
9 528
2 645
4 417
9 142
9 874
5 922
5 699
10 548
10 782
10 255
5 217
6 531
2 850
2 220
10 678
6 483
2 78
10 943
6 984
9 496
9 495
2 323
8 514
10 639
1 638
4 401
3 81
8 608
2 693
3 239
3 456
2 373
6 855
4 869
6 821
4 410
2 135
2 1000
7 112
8 634
8 277
1 520
9 89
2 351
9 91
4 531
8 729
8 733
3 723
3 432
1 101
10 978
1 728
2 182
9 685
6 107
7 922
9 800
1 712
2 583
9 920
2 385
3 298
2 752
3 789
5 672
10 633
1 898
9 617
5 41
9 822
9 547
9 948
4 223
2 106
6 340
3 60
1 256
1 915
7 22
9 38
10 964
3 568
1 198
2 282
1 830
4 48
4 199
5 2
4 280
7 51
5 528
3 140
7 805
2 364
3 462
1 105
5 54
1 491
3 401
10 42
10 443
2 951
6 650
8 174
10 335
4 305
9 263
3 858
6 316
10 608
8 363
1 286
8 128
8 25
2 756
5 57
6 384
6 651
4 612
2 460
7 483
5 776
8 308
4 621
5 374
7 107
1 769
2 314
2 603
10 770
4 119
8 877
3 878
2 307
5 306
5 973
3 750
1 17
2 393
7 347
8 617
6 118
8 85
2 69
10 768
5 712
8 711
8 778
4 129
6 686
7 1000
8 12
5 827
8 751
7 414
8 731
10 372
10 502
10 96
4 939
7 677
4 648
10 106
7 610
7 826
4 36
9 702
7 75
10 796
4 701
3 957
7 678
2 268
6 378
6 596
3 737
4 835
3 262
8 422
1 168
1 46
8 100
3 799
8 251
10 483
7 445
2 447
6 445
10 403
10 65
4 610
2 5
7 522
10 736
5 180
10 546
10 947
9 406
5 674
1 4
3 410
7 554
5 722
10 314
2 546
8 758
1 458
3 640
1 432
6 655
2 2
2 272
4 941
8 844
7 316
6 311
5 949
3 838
7 605
9 630
5 975
3 718
9 796
5 886
10 355
8 827
6 215
6 804
8 923
8 382
7 2
7 985
8 261
2 640
5 809
7 86
4 117
3 384
5 473
2 290
9 183
10 322
8 659
10 19
5 429
8 598
1 473
6 290
2 922
2 671
2 695
9 66
8 112
6 96
1 663
3 271
10 703
9 276
6 546
5 695
5 521
8 965
2 694
10 477
3 653
7 129
4 141
2 464
9 720
5 759
5 252
5 366
2 697
1 508
2 925
2 69
3 894
10 382
2 201
10 355
1 240
9 88
2 614
10 328
10 831
9 555
9 485
9 697
10 691
9 393
7 78
7 845
3 686
9 578
1 273
7 854
4 892
3 811
2 699
4 629
8 810
6 178
8 339
4 871
5 111
7 393
2 805
1 704
6 62
8 440
2 105
5 632
10 170
7 99
6 907
8 838
6 454
10 723
5 785
5 946
6 410
3 421
3 411
6 96
9 582
6 37
5 175
1 379
5 582
10 58
4 541
2 324
5 154
1 720
3 418
2 652
5 59
7 711
5 357
5 144
10 911
6 860
1 974
1 492
1 299
3 891
2 566
10 870
10 666
6 899
4 544
4 289
10 64
7 732
2 231
9 854
1 135
9 898
2 429
1 558
8 835
6 537
5 111
5 895
6 588
10 168
2 719
9 722
3 363
3 255
10 644
5 454
6 628
2 354
5 298
3 42
2 61
8 333
5 90
5 909
4 373
9 370
2 577
10 103
5 575
10 139
9 780
6 353
2 43
1 211
6 300
8 523
5 558
10 152
7 705
2 142
6 758
7 505
6 280
6 423
10 669
1 709
2 605
8 607
4 29
8 365
9 119
9 495
10 905
7 611
7 619
9 286
8 356
2 773
1 833
7 506
2 816
9 870
8 64
8 897
2 218
7 351
10 634
4 150
6 782
9 52
2 877
2 8
6 883
10 774
7 889
10 143
3 178
8 160
3 273
7 640
1 635
3 915
9 242
2 969
5 550
9 275
9 114
9 406
3 256
3 22
5 706
7 312
9 248
3 893
1 640
10 292
5 341
8 488
10 839
3 955
6 379
4 524
10 842
7 704
2 296
9 480
4 862
10 698
10 308
3 742
5 735
8 566
6 482
2 861
3 633
6 410
2 114
3 514
7 925
10 769
10 944
7 814
2 549
10 880
2 470
2 545
8 749
9 988
4 383
5 784
9 826
8 494
6 137
6 278
1 852
4 304
2 181
3 175
6 844
2 504
9 307
10 464
3 928
9 320
3 37
9 839
8 453
6 874
7 60
7 424
2 422
1 321
4 899
2 793
5 300
4 813
4 576
10 426
7 958
1 361
5 829
4 84
6 264
9 730
4 178
4 112
9 232
9 469
8 868
6 718
6 302
4 504
6 91
3 439
10 638
5 331
10 346
5 688
9 961
4 856
10 927
4 687
10 574
9 372
3 739
8 276
4 813
5 988
2 384
2 605
9 810
7 724
2 419
8 318
9 763
8 192
1 996
4 667
4 997
4 204
8 305
5 321
1 951
1 332
6 896
6 487
9 926
9 518
9 836
10 709
2 539
1 81
1 545
4 111
7 963
6 340
6 452
3 11
7 877
8 569
5 68
10 447
9 843
8 385
3 953
4 695
10 984
7 663
10 774
8 732
1 146
3 559
5 924
8 808
5 738
6 929
10 191
3 865
4 202
4 948
10 247
7 642
6 656
6 430
9 247
2 896
1 434
5 714
7 764
3 955
9 140
3 260
10 490
4 951
9 692
4 899
4 965
2 457
10 176
8 369
7 510
2 749
8 465
10 116
7 605
1 298
5 565
2 358
7 388
6 291
9 697
7 779
5 410
1 651
9 689
1 783
5 485
4 54
1 192
10 510
10 770
9 50
8 908
3 294
5 27
1 708
6 328
8 50
10 235
7 235
7 526
6 954
3 436
10 551
10 43
9 278
3 280
4 407
4 253
10 854
7 210
5 831
8 744
1 326
8 962
8 165
9 391
9 415
10 68
7 589
1 837
7 673
3 713
8 135
1 184
1 292
2 739
9 452
9 889
6 541
1 38
9 422
7 940
5 975
4 972
4 576
1 773
2 387
3 603
8 689
1 454
6 722
6 619
3 230
2 405
3 488
3 664
3 836
3 373
4 873
6 344
5 434
3 559
7 14
8 163
2 582
10 484
8 104
6 201
7 943
3 847
1 902
5 765
10 217
8 226
1 121
9 494
4 307
6 65
3 289
1 78
8 475
10 957
5 430
8 680
8 162
4 489
5 575
4 722
2 634
3 936
8 699
5 156
4 584
5 981
6 250
2 585
1 492
6 703
3 931
6 19
8 63
1 856
6 280
4 468
5 46
2 975
6 305
3 753
2 214
2 132
2 645
5 845
4 646
9 744
5 738
2 555
5 383
8 898
7 318
8 918
4 460
3 635
5 966
8 284
5 776
6 886
10 351
9 293
4 785
10 146
7 185
3 159
7 173
8 231
4 794
3 983
5 876
10 146
3 850
10 358
7 988
6 245
9 428
6 144
2 573
10 106
2 101
2 132
6 56
9 411
1 411
7 792
3 477
5 639
7 762
1 850
5 649
5 361
6 329
1 516
4 149
4 526
5 576
5 748
7 910
1 375
5 165
1 204
2 142
8 185
5 25
1 139
10 197
4 351
10 373
4 257
10 778
4 699
8 350
7 707
8 46
6 482
8 10
9 6
4 391
4 911
9 754
10 926
4 971
9 844
10 691
10 637
3 92
10 361
2 440
7 620
5 336
3 753
1 79
10 257
5 148
4 57
1 880
3 971
6 189
8 327
7 257
5 745
2 543
2 54
2 686
1 567
5 636
2 597
2 108
6 685
4 39
2 688
4 327
6 102
7 32
6 959
5 228
4 195
8 269
4 558
5 408
3 245
5 84
5 479
6 386
10 422
9 507
3 416
2 197
7 41
1 895
6 305
1 865
1 548
7 942
2 207
5 633
2 268
2 296
2 227
2 789
10 362
7 704
6 882
9 194
6 200
10 585
5 683
1 945
3 863
3 832
2 453
6 970
10 221
1 332
7 707
1 396
3 778
4 119
1 185
1 893
7 605
4 293
6 947
2 58
5 233
10 624
1 621
7 214
6 459
5 373
7 763
1 977
8 983
10 274
6 992
5 633
10 23
1 620
2 704
3 817
5 608
5 497
1 529
3 962
8 377
8 715
2 43
3 838
10 283
5 49
3 361
3 743
5 413
7 128
1 198
6 895
1 641
6 475
3 659
10 287
8 14
7 379
7 582
3 731
3 607
5 103
2 481
6 363
10 235
2 486
2 339
9 278
2 503
9 24
3 891
7 794
3 842
1 881
8 997
3 323
9 798
4 843
1 708
3 882
1 630
3 738
1 718
1 263
2 723
8 42
3 282
1 887
1 986
5 11
1 348
8 666
2 985
9 775
10 478
2 648
10 319
8 647
4 605
10 95
1 771
6 890
1 363
7 14
5 810
9 279
5 21
9 789
5 619
9 908
2 92
7 125
3 746
1 95
2 602
8 812
5 372
9 930
9 797
4 350
1 525
10 837
6 984
9 956
1 501
1 413
9 595
6 962
6 853
7 39
4 737
7 388
4 683
8 28
8 149
7 576
6 486
1 420
10 279
5 470
4 974
10 493
4 932
9 519
6 35
3 426
10 572
8 391
5 669
10 554
5 897
7 775
2 566
9 537
1 775
10 427
1 948
2 367
9 463
1 706
4 318
7 763
8 315
4 918
1 72
5 407
8 993
6 744
10 793
7 28
4 244
9 616
3 396
6 26
7 878
1 405
5 323
6 126
10 844
4 449
2 395
9 90
4 855
2 136
10 708
10 312
9 451
6 665
10 49
2 435
1 676
5 390
4 586
8 562
6 673
8 428
10 247
2 283
1 476
4 536
3 762
10 720
5 81
9 354
5 532
5 402
10 990
9 363
9 296
3 643
10 678
2 852
8 102
1 490
5 594
4 56
9 777
10 122
8 940
4 175
2 858
4 588
3 920
10 535
7 604
3 492
3 248
8 818
1 888
9 137
8 227
5 808
6 652
10 248
1 79
9 473
3 771
10 815
9 327
9 286
9 8
4 558
1 546
6 324
8 234
6 950
9 470
8 892
1 592
6 920
8 788
5 184
6 164
2 642
4 225
4 378
10 812
8 674
9 909
7 81
8 552
7 389
5 316
1 547
4 937
8 417
10 221
10 828
7 968
10 958
2 381
10 473
8 388
2 884
6 812
2 216
3 868
6 284
10 896
7 756
5 536
4 678
9 210
6 191
10 834
9 972
4 175
1 801
8 2
10 56
8 376
1 832
9 700
6 141
9 920
1 279
9 734
2 1000
4 371
6 866
5 849
6 470
7 319
10 676
4 88
4 120
7 518
7 466
4 596
8 870
2 444
7 314
5 507
7 687
10 657
4 420
10 85
9 197
8 273
9 162
2 720
4 418
3 450
6 87
6 482
8 47
10 844
3 128
6 844
6 956
7 295
1 42
1 690
8 389
10 197
4 938
7 478
3 522
10 468
8 882
4 864
1 809
3 975
1 212
5 972
10 598
10 519
2 693
8 596
1 280
7 783
2 434
4 541
5 363
8 243
10 304
9 477
8 445
3 300
10 938
4 116
9 295
4 70
4 10
3 920
1 574
7 413
7 614
9 929
3 865
10 7
10 564
2 39
8 305
3 703
9 795
3 817
5 754
2 709
8 788
1 198
6 72
6 418
1 314
2 241
8 94
10 977
5 257
7 41
4 205
2 219
7 810
5 971
6 904
3 672
10 931
8 798
8 388
1 790
5 881
5 51
10 820
4 8
5 268
4 882
8 46
4 221
5 905
10 729
10 950
9 493
1 983
4 910
8 902
5 288
2 535
3 178
8 582
1 213
10 304
1 298
6 871
3 278
1 227
2 404
1 510
4 764
3 489
2 599
9 735
6 948
4 280
9 370
1 691
4 394
9 494
6 791
9 111
2 976
2 647
5 451
2 3
4 438
4 426
2 274
6 381
1 778
2 783
5 915
5 826
1 593
6 620
1 43
1 658
10 649
4 284
3 20
7 726
9 121
2 47
3 876
4 736
3 381
8 4
5 915
5 68
4 579
6 590
4 682
2 478
1 606
1 349
1 935
9 230
5 691
1 402
10 202
10 702
1 613
3 111
5 624
9 201
1 885
10 474
5 601
3 727
1 182
4 482
5 200
1 557
6 456
5 185
4 984
6 297
3 316
7 398
5 401
8 477
3 978
7 729
6 171
7 201
9 294
4 491
6 438
4 802
3 153
4 269
9 755
10 996
2 401
8 782
5 268
6 343
6 9
8 453
1 598
1 664
2 624
2 841
8 42
2 884
7 728
8 403
10 739
7 520
5 705
7 692
1 326
3 860
2 177
9 849
1 539
9 950
1 721
3 229
1 75
10 947
6 282
7 937
7 319
1 187
1 435
9 262
8 337
9 221
10 407
10 532
1 238
7 413
3 527
7 788
9 756
9 263
7 243
9 24
10 846
1 263
5 657
9 789
10 796
8 483
3 594
9 754
9 578
10 30
1 1000
8 610
9 366
9 508
1 336
9 501
7 774
4 109
1 29
2 478
2 865
8 857
7 773
9 138
3 222
4 995
8 118
10 946
5 489
7 610
8 653
8 137
9 721
2 937
6 245
5 875
10 61
2 842
9 302
7 627
9 580
2 387
1 137
10 493
7 769
5 314
6 935
3 79
10 867
4 122
7 91
8 930
8 899
8 267
6 509
4 997
7 730
2 850
3 784
4 177
2 420
7 552
2 301
3 128
9 178
2 74
7 943
10 672
8 28
7 567
2 221
10 865
8 976
6 682
9 7
6 303
1 877
8 828
6 748
9 236
1 615
1 749
9 272
1 870
9 651
2 68
5 554
7 265
8 41
6 729
2 695
2 935
2 13
8 503
7 379
7 710
6 182
5 237
5 700
7 329
3 982
6 501
4 979
2 619
9 392
1 509
6 764
7 613
10 406
6 505
3 241
5 492
3 274
2 628
1 50
2 752
2 201
5 846
2 370
7 771
3 665
2 453
9 595
9 700
1 731
4 811
6 629
10 282
10 24
6 113
8 552
2 130
10 906
3 381
8 693
8 543
10 768
1 945
5 454
6 995
1 853
5 751
2 813
6 516
3 851
8 956
2 37
10 362
7 398
7 566
6 903
9 141
1 412
4 339
8 193
3 946
2 370
4 876
2 587
8 646
6 124
9 300
1 973
9 975
2 751
4 23
10 759
10 680
2 395
3 602
4 453
7 80
3 161
8 880
5 960
3 780
2 91
5 336
5 57
8 653
1 465
7 818
8 104
4 857
10 928
10 785
1 972
7 468
1 42
3 684
10 44
2 596
2 934
7 642
6 746
9 986
9 69
3 784
10 547
3 854
7 807
8 853
2 407
10 248
3 676
7 271
6 405
1 968
8 603
5 835
3 696
3 481
9 970
1 803
6 484
9 936
8 146
5 227
2 895
2 587
2 714
2 847
1 145
5 878
2 222
3 873
4 703
7 697
5 55
9 6
8 178
6 236
8 417
8 542
7 593
10 660
3 227
6 350
6 421
8 44
7 807
6 177
10 552
7 753
2 998
10 427
9 146
3 894
9 565
9 718
2 600
5 52
1 114
5 801
9 278
9 717
9 554
6 702
4 696
7 981
4 899
8 359
6 547
8 888
10 61
8 591
7 646
1 288
9 298
10 268
3 698
4 175
2 167
1 717
10 317
3 677
10 635
7 983
4 687
3 127
8 61
10 36
10 600
6 622
9 324
10 566
5 106
2 988
8 80
9 423
1 380
7 655
5 297
3 891
6 423
6 16
9 105
4 355
7 437
5 66
2 205
2 260
8 287
1 163
2 183
4 543
1 567
6 885
1 887
8 336
2 409
4 287
9 772
9 21
3 395
4 693
7 242
1 477
9 498
9 489
1 881
3 28
2 864
2 597
1 394
2 127
1 203
2 699
6 545
3 179
7 123
9 960
3 502
4 100
7 512
1 33
5 85
4 837
6 155
8 826
7 22
8 441
6 4
7 559
7 461
1 774
8 621
1 52
2 936
9 78
9 184
10 90
9 514
9 155
3 767
5 389
9 814
3 350
1 371
10 699
8 99
4 388
7 102
4 976
10 374
5 214
10 909
5 966
6 517
8 50
2 492
4 195
6 336
4 758
10 619
5 200
2 36
2 426
1 931
1 109
10 672
2 236
9 267
1 912
10 420
2 62
7 34
2 703
7 994
8 401
10 79
10 939
1 153
1 113
7 464
2 834
1 497
8 318
10 627
9 908
10 516
6 702
5 135
4 15
10 34
9 810
10 32
4 21
4 929
7 742
4 977
8 371
7 836
6 582
2 561
2 930
5 215
4 792
7 461
5 637
3 212
2 405
8 581
5 917
10 560
6 739
6 635
4 175
5 28
3 934
8 519
9 551
4 944
1 619
2 844
8 503
4 824
2 636
8 532
5 747
2 126
2 914
4 405
10 61
4 454
2 670
1 668
9 933
7 497
2 940
2 394
1 141
5 514
7 54
1 596
3 492
10 199
8 430
2 463
2 107
7 864
10 350
6 784
8 788
9 835
6 695
6 900
4 85
8 380
3 163
7 308
4 432
10 24
7 411
7 699
9 591
5 474
3 344
10 531
5 283
9 749
5 489
5 90
3 883
9 84
10 310
4 18
9 286
10 828
7 776
10 264
3 97
8 380
4 74
8 708
8 536
1 596
2 514
3 290
9 678
10 332
6 558
4 478
8 704
1 445
10 343
9 717
10 290
7 653
4 281
3 616
10 270
5 118
7 307
6 722
6 70
1 483
10 975
3 81
7 795
6 287
9 526
4 261
5 333
7 986
10 711
2 876
4 205
2 778
10 580
9 933
6 138
3 233
10 322
4 415
4 281
5 575
10 814
10 177
3 52
5 720
8 685
1 67
9 376
1 214
9 303
1 620
3 668
10 820
5 256
7 310
4 754
1 872
1 14
5 488
4 173
1 586
6 932
6 211
3 864
9 790
6 496
3 293
4 88
6 414
7 325
2 111
1 368
4 782
2 263
1 643
7 644
9 839
1 433
3 366
1 316
3 589
1 107
5 66
5 66
7 684
2 620
3 265
9 67
9 920
3 350
5 638
8 990
10 364
5 324
4 229
6 940
6 673
10 461
2 448
10 19
1 761
10 231
9 69
9 931
4 868
4 40
1 307
5 540
9 479
5 782
3 905
3 1
9 887
8 214
9 42
10 961
7 44
4 599
7 730
2 525
3 179
1 524
9 840
2 652
3 964
3 226
6 968
5 102
2 643
10 610
6 192
6 840
8 653
4 672
10 892
3 904
6 746
5 527
10 151
10 412
1 114
7 562
9 65
8 547
2 901
1 971
8 125
10 328
10 325
8 664
8 378
4 709
2 785
4 219
8 688
4 863
7 97
8 24
2 800
2 384
2 862
1 161
7 191
9 316
10 608
4 951
4 584
6 228
5 803
1 452
3 123
3 845
4 75
1 893
8 826
4 731
3 525
10 619
4 97
4 283
2 933
3 491
3 459
4 284
3 515
8 217
6 770
10 518
3 794
2 209
6 162
10 608
2 234
3 130
7 629
2 329
7 888
1 504
5 401
5 57
1 482
9 279
1 320
6 641
3 241
8 894
6 209
8 42
3 397
2 209
6 534
4 400
2 101
8 121
3 174
5 755
7 399
6 96
8 83
7 658
8 588
5 383
1 913
10 961
7 686
6 58
8 637
4 816
9 878
5 333
8 846
1 881
1 778
1 91
5 330
3 579
5 757
3 950
4 27
8 12
5 6
7 905
10 10
3 568
1 309
4 185
7 860
2 651
5 15
3 552
8 570
1 902
5 360
6 315
3 76
10 109
10 191
3 631
2 378
8 86
7 383
5 494
1 781
4 483
8 797
5 987
6 330
3 991
6 737
9 528
9 302
10 585
8 209
7 650
9 134
1 815
2 452
5 575
7 615
3 525
1 386
6 183
10 240
7 356
5 176
10 711
6 955
7 985
7 75
9 703
7 750
9 795
3 164
3 188
10 276
6 556
8 975
5 731
8 618
8 633
8 465
7 4
4 85
9 600
3 938
10 353
1 160
9 484
3 138
3 405
7 353
6 196
8 196
10 168
1 471
3 443
2 972
7 14
9 878
1 566
10 981
1 309
7 927
2 669
2 295
10 832
9 515
1 765
4 88
9 346
3 827
6 524
5 46
1 489
8 892
1 214
2 203
5 716
6 147
4 122
1 958
3 120
8 536
8 875
8 915
10 701
5 903
2 32
6 963
10 495
7 83
1 743
4 706
8 110
1 635
3 604
4 155
1 826
8 760
7 579
5 947
9 180
8 148
5 519
6 23
10 302
10 601
3 742
9 574
3 37
8 272
1 895
10 819
1 331
6 67
3 684
8 698
4 834
8 928
9 559
3 760
9 772
10 909
7 436
10 536
7 21
1 446
6 616
3 594
1 158
1 329
9 454
6 339
1 669
9 463
8 707
3 615
10 799
6 511
5 729
5 465
3 734
9 323
8 291
1 472
7 73
3 861
6 544
5 367
9 618
3 674
1 264
6 917
5 769
3 43
4 444
8 629
1 391
3 52
1 510
3 584
2 850
8 63
9 5
10 464
10 602
4 161
8 160
9 265
6 329
3 147
7 250
7 53
3 263
1 338
5 393
6 644
9 668
7 65
1 114
8 566
2 998
5 539
1 772
4 169
5 542
2 784
8 181
7 195
8 244
6 369
9 930
9 115
2 234
9 924
2 767
2 270
10 756
5 196
3 115
1 198
4 800
4 795
7 657
4 974
1 515
10 161
5 35
3 887
6 48
5 777
2 149
6 647
1 902
10 184
5 476
10 839
5 806
3 427
4 511
10 163
10 782
4 29
9 949
1 89
8 181
1 525
5 169
4 119
3 23
8 402
5 181
6 779
1 449
1 627
7 280
8 577
9 434
3 547
3 992
5 638
10 772
8 418
10 980
7 287
6 130
10 571
1 831
4 815
2 614
9 7
7 390
2 730
4 664
4 575
7 646
2 822
1 205
1 677
2 227
5 774
1 576
5 986
9 200
1 471
9 584
2 317
9 3
2 685
3 115
2 702
7 697
9 712
2 373
1 828
6 559
8 682
7 174
7 476
1 583
7 43
5 969
9 350
5 830
7 606
1 351
3 557
2 997
2 704
7 927
2 791
10 334
2 959
9 731
5 710
3 777
2 744
8 253
10 8
8 83
1 419
7 157
1 430
7 178
1 267
8 682
4 654
7 432
3 16
4 372
1 373
8 262
2 563
4 768
2 898
1 292
9 562
7 92
8 62
9 408
3 897
5 195
7 523
8 910
6 28
4 177
2 900
1 285
9 430
10 222
6 532
5 267
7 665
2 823
9 869
9 401
5 600
9 93
8 493
8 18
5 937
2 358
3 615
8 992
6 5
1 218
4 568
7 657
2 400
2 997
10 239
10 114
2 611
6 156
10 640
10 350
4 167
2 354
3 363
3 781
2 269
6 827
3 935
3 376
3 120
1 652
2 411
6 297
1 892
10 910
4 456
9 403
10 203
10 794
8 949
3 248
2 801
10 483
7 820
9 406
9 312
1 297
5 907
8 188
7 321
9 934
7 38
2 77
1 433
5 927
6 204
8 427
2 41
7 484
4 387
9 274
6 100
5 473
2 141
6 996
9 996
7 159
5 765
7 499
6 187
2 873
7 321
8 143
4 876
7 964
8 741
2 747
6 176
1 796
9 811
4 308
1 392
5 218
6 169
4 834
10 165
3 58
5 608
8 633
4 670
4 209
8 941
9 961
8 555
8 592
6 954
2 376
9 158
8 155
1 465
7 928
2 344
1 266
8 281
10 843
5 59
10 295
5 219
3 163
2 408
1 767
1 141
3 973
5 872
2 119
9 496
1 753
6 43
1 641
6 99
9 319
9 541
2 381
8 924
9 734
8 327
2 267
4 97
4 268
7 137
5 677
3 853
2 780
6 650
3 514
1 559
4 389
10 17
6 42
7 386
10 80
6 415
7 944
1 526
6 347
3 461
9 970
3 795
1 212
5 987
6 998
8 684
9 810
2 671
3 75
5 655
3 401
10 16
8 871
6 350
5 415
10 548
8 609
9 176
8 766
9 493
7 77
10 89
7 849
10 108
6 536
8 472
5 334
4 162
2 10
10 633
6 336
7 462
2 352
1 101
3 294
5 392
2 814
8 589
6 802
3 603
5 216
7 704
7 129
4 112
8 845
8 410
4 865
9 353
2 169
7 893
5 694
7 941
1 395
10 217
2 345
5 730
9 952
10 201
7 818
7 235
4 950
7 625
8 363
4 691
1 328
8 217
3 14
5 98
8 994
9 406
7 49
4 22
6 151
5 900
6 716
1 137
5 710
1 250
7 346
4 794
10 905
9 55
5 162
3 102
10 248
10 613
4 482
9 970
5 558
8 118
6 495
8 947
7 656
2 811
2 360
5 850
3 826
4 749
5 707
6 996
9 316
6 258
9 662
3 965
8 317
6 370
5 566
10 282
2 338
7 776
7 199
1 537
10 907
5 688
1 777
2 718
10 899
5 302
9 432
10 330
10 151
3 124
9 300
4 971
3 184
1 915
6 850
2 134
8 113
9 628
10 386
9 78
8 746
7 615
4 94
5 440
3 412
7 666
